,Datetime,Open,High,Low,Close,Volume,Rolling Mean,Bollinger High,Bollinger Low
0,2020-09-11 09:55:00,10.0826997756958,10.158100128173828,10.079999923706055,10.100000381469727,0,,,
1,2020-09-11 10:00:00,10.109999656677246,10.170000076293945,10.100000381469727,10.149999618530273,118916,,,
2,2020-09-11 10:05:00,10.140000343322754,10.149999618530273,10.079999923706055,10.108200073242188,78853,,,
3,2020-09-11 10:10:00,10.109999656677246,10.149999618530273,10.079999923706055,10.139900207519531,83002,,,
4,2020-09-11 10:15:00,10.1318998336792,10.140000343322754,10.069899559020996,10.09000015258789,88525,,,
5,2020-09-11 10:20:00,10.079999923706055,10.130000114440918,10.078700065612793,10.130000114440918,75120,,,
6,2020-09-11 10:25:00,10.121899604797363,10.158100128173828,10.09000015258789,10.140000343322754,109415,,,
7,2020-09-11 10:30:00,10.139900207519531,10.140000343322754,10.029999732971191,10.045000076293945,103615,,,
8,2020-09-11 10:35:00,10.050000190734863,10.07229995727539,10.041899681091309,10.055000305175781,78853,,,
9,2020-09-11 10:40:00,10.0600004196167,10.079999923706055,10.050000190734863,10.068099975585938,55915,,,
10,2020-09-11 10:45:00,10.068099975585938,10.1899995803833,10.068099975585938,10.186300277709961,183596,,,
11,2020-09-11 10:50:00,10.186300277709961,10.220000267028809,10.170000076293945,10.194999694824219,128425,,,
12,2020-09-11 10:55:00,10.199999809265137,10.199999809265137,10.083700180053711,10.083700180053711,160288,,,
13,2020-09-11 11:00:00,10.095000267028809,10.130000114440918,10.078200340270996,10.078200340270996,57542,,,
14,2020-09-11 11:05:00,10.072500228881836,10.100000381469727,10.029999732971191,10.074999809265137,87495,,,
15,2020-09-11 11:10:00,10.069999694824219,10.074999809265137,9.970000267028809,9.978400230407715,181357,,,
16,2020-09-11 11:15:00,9.979900360107422,10.005000114440918,9.960000038146973,9.979999542236328,76756,,,
17,2020-09-11 11:20:00,9.989999771118164,10.0,9.940999984741211,9.96500015258789,94496,,,
18,2020-09-11 11:25:00,9.970000267028809,9.989999771118164,9.949999809265137,9.970000267028809,71294,,,
19,2020-09-11 11:30:00,9.960000038146973,9.960000038146973,9.859999656677246,9.859999656677246,143753,,,
20,2020-09-11 11:35:00,9.859999656677246,9.920000076293945,9.854100227355957,9.885000228881836,83221,10.070390474228631,10.232900719528027,9.907880228929235
21,2020-09-11 11:40:00,9.885000228881836,9.930000305175781,9.880000114440918,9.90999984741211,76245,10.060976210094633,10.242307248557774,9.879645171631493
22,2020-09-11 11:45:00,9.899999618530273,9.9399995803833,9.899999618530273,9.930000305175781,82959,10.050976208278112,10.243753225323458,9.858199191232766
23,2020-09-11 11:50:00,9.920000076293945,9.975000381469727,9.901800155639648,9.901800155639648,99940,10.040500005086264,10.236836234312527,9.84416377586
24,2020-09-11 11:55:00,9.899999618530273,9.905699729919434,9.869999885559082,9.873700141906738,95618,10.03050000326974,10.233255881518492,9.827744125020988
25,2020-09-11 12:00:00,9.869999885559082,9.920000076293945,9.859999656677246,9.899999618530273,49701,10.018028577168783,10.22672061206775,9.809336542269817
26,2020-09-11 12:05:00,9.904999732971191,10.0,9.904999732971191,10.0,59262,10.009695234752837,10.221939698740998,9.797450770764675
27,2020-09-11 12:10:00,9.989999771118164,10.039999961853027,9.979999542236328,9.994999885559082,90872,10.003414290291923,10.209427977977505,9.797400602606341
28,2020-09-11 12:15:00,9.989999771118164,10.0,9.960100173950195,9.97719955444336,27539,9.99627617427281,10.19258701685972,9.799965331685899
29,2020-09-11 12:20:00,9.979999542236328,10.020000457763672,9.958999633789062,9.991800308227539,45454,9.992942810058594,10.187794063960062,9.798091556157125
30,2020-09-11 12:25:00,9.989999771118164,10.010000228881836,9.970000267028809,9.985699653625488,22720,9.989609445844378,10.182022364618952,9.797196527069804
31,2020-09-11 12:30:00,9.989999771118164,10.0,9.960000038146973,9.979999542236328,32741,9.98589038848877,10.174920855086915,9.796859921890624
32,2020-09-11 12:35:00,9.974699974060059,10.010000228881836,9.960000038146973,9.979999542236328,107747,9.97581418355306,10.141036191872148,9.810592175233973
33,2020-09-11 12:40:00,9.979999542236328,10.010000228881836,9.953499794006348,10.003600120544434,52126,9.965337980361213,10.094910442803432,9.835765517918993
34,2020-09-11 12:45:00,10.0,10.079999923706055,9.994999885559082,10.0649995803833,96053,9.960814158121744,10.077351274799248,9.84427704144424
35,2020-09-11 12:50:00,10.069999694824219,10.09000015258789,10.029999732971191,10.0600004196167,50380,9.960695085071382,10.076757053945336,9.844633116197429
36,2020-09-11 12:55:00,10.0600004196167,10.0600004196167,10.020000457763672,10.039999961853027,51673,9.96021892910912,10.074465323919565,9.845972534298674
37,2020-09-11 13:00:00,10.039999961853027,10.050000190734863,10.01990032196045,10.045000076293945,48269,9.96308081490653,10.08230065377473,9.843860976038329
38,2020-09-11 13:05:00,10.050000190734863,10.0600004196167,9.970000267028809,9.979999542236328,51300,9.96593797774542,10.090618181964384,9.841257773526454
39,2020-09-11 13:10:00,9.973699569702148,10.020000457763672,9.964300155639648,10.018500328063965,56388,9.966114135015578,10.090828893626446,9.841399376404711
40,2020-09-11 13:15:00,10.01509952545166,10.079999923706055,10.011899948120117,10.069999694824219,61713,9.968737920125326,10.09521833138189,9.842257508868762
41,2020-09-11 13:20:00,10.069999694824219,10.114999771118164,10.060099601745605,10.095000267028809,80469,9.978737921941848,10.102282576599727,9.855193267283969
42,2020-09-11 13:25:00,10.095000267028809,10.130000114440918,10.079999923706055,10.09000015258789,65894,9.98873792375837,10.114393473173935,9.863082374342804
43,2020-09-11 13:30:00,10.09000015258789,10.119999885559082,10.074999809265137,10.074999809265137,87774,9.997785568237305,10.123965662059147,9.871605474415462
44,2020-09-11 13:35:00,10.069999694824219,10.100000381469727,10.029999732971191,10.079899787902832,96091,10.004928407214937,10.129587907121214,9.88026890730866
45,2020-09-11 13:40:00,10.064299583435059,10.09000015258789,10.039999961853027,10.0600004196167,68273,10.012752215067545,10.130165492936566,9.895338937198524
46,2020-09-11 13:45:00,10.065199851989746,10.095000267028809,10.050000190734863,10.069999694824219,115925,10.022047451564244,10.121533617724419,9.92256128540407
47,2020-09-11 13:50:00,10.09000015258789,10.095000267028809,10.055000305175781,10.088000297546387,165417,10.030856995355515,10.118919607327683,9.942794383383347
48,2020-09-11 13:55:00,10.086199760437012,10.104999542236328,10.069999694824219,10.09000015258789,315250,10.035437947227841,10.124575974455393,9.946299920000289
49,2020-09-11 14:00:00,10.08,10.1,10.08,10.1,0,10.039723672412691,10.12833898930727,9.951108355518112
50,2020-09-11 14:05:00,10.11,10.13,10.08,10.13,0,10.045914170401437,10.135167063758624,9.95666127704425
51,2020-09-11 14:10:00,10.13,10.13,10.13,10.13,0,10.052580847967238,10.145145490428735,9.960016205505742
52,2020-09-11 14:15:00,10.12,10.12,10.1102,10.12,0,10.05877133505685,10.15114584594899,9.96639682416471
53,2020-09-11 14:20:00,10.1197,10.13,10.1197,10.13,0,10.065676098196846,10.153207085795872,9.97814511059782
54,2020-09-11 14:25:00,10.13,10.15,10.1287,10.15,0,10.072818977137974,10.155322341846707,9.99031561242924
55,2020-09-11 14:30:00,10.18,10.24,10.18,10.24,0,10.081390405709403,10.169340774700993,9.993440036717812
56,2020-09-11 14:35:00,10.2302,10.26,10.23,10.25,0,10.089018991670153,10.198077491832473,9.979960491507834
57,2020-09-11 14:40:00,10.25,10.26,10.08,10.24,0,10.098066590736025,10.226769776229744,9.969363405242305
58,2020-09-11 14:45:00,10.22,10.24,10.22,10.24,0,10.106638021123976,10.242855284999923,9.970420757248029
59,2020-09-11 14:50:00,10.24,10.25,10.24,10.25,0,10.115685631088983,10.26103640975916,9.970334852418805
60,2020-09-11 14:55:00,10.24,10.25,10.24,10.25,0,10.12836660396031,10.268045748042384,9.988687459878237
61,2020-09-11 15:00:00,10.2498,10.25,10.24,10.24,0,10.139542817034041,10.27871529458998,10.000370339478103
62,2020-09-11 15:05:00,10.2498,10.2498,10.22,10.22,0,10.148104736328126,10.291370822609718,10.004838650046533
63,2020-09-11 15:10:00,10.22,10.22,10.18,10.18,0,10.154057104564847,10.298438999019083,10.009675210110611
64,2020-09-11 15:15:00,10.2,10.2,10.2,10.2,0,10.159295192536852,10.301886864732467,10.016703520341238
65,2020-09-11 15:20:00,10.2,10.22,10.2,10.2,0,10.165485683259508,10.302992304666216,10.0279790618528
66,2020-09-11 15:25:00,10.2,10.21,10.2,10.21,0,10.171947607857838,10.302036869563802,10.041858346151875
67,2020-09-11 15:30:00,10.21,10.21,10.2,10.2,0,10.178842853001184,10.30022699422528,10.057458711777088
68,2020-09-11 15:35:00,10.2,10.2,10.2,10.2,0,10.184080940973189,10.298666244811253,10.069495637135125
69,2020-09-11 15:40:00,10.21,10.21,10.18,10.21,0,10.18997619047619,10.295815878774324,10.084136502178055
70,2020-09-11 15:45:00,10.2,10.21,10.2,10.21,0,10.195690476190473,10.288782041968723,10.102598910412222
71,2020-09-11 15:50:00,10.2,10.21,10.2,10.21,0,10.199976190476187,10.284380216559345,10.11557216439303
72,2020-09-11 15:55:00,10.21,10.21,10.2,10.2,0,10.203785714285711,10.28191284877083,10.125658579800593
73,2020-09-11 16:15:00,10.2,10.24,10.2,10.24,0,10.207595238095236,10.27572565644681,10.139464819743662
74,2020-09-11 16:20:00,10.2,10.24,10.2,10.24,0,10.211419047619044,10.26661656999269,10.156221525245398
75,2020-09-11 16:25:00,10.2,10.2,10.15,10.15,0,10.214752380952378,10.255987881145646,10.17351688075911
76,2020-09-11 16:40:00,10.15,10.15,10.15,10.15,0,10.213323809523805,10.261165461032153,10.165482158015458
77,2020-09-11 16:45:00,10.17,10.19,10.17,10.17,0,10.21045714285714,10.261179310453892,10.159734975260386
78,2020-09-11 16:55:00,10.2,10.2,10.2,10.2,0,10.208076190476186,10.255595361544781,10.160557019407591
79,2020-09-11 17:00:00,10.24,10.25,10.24,10.24,0,10.209028571428567,10.258320077506463,10.15973706535067
80,2020-09-11 17:05:00,10.24,10.24,10.2,10.2,0,10.209028571428567,10.258320077506463,10.15973706535067
81,2020-09-11 17:15:00,10.24,10.24,10.24,10.24,0,10.209028571428567,10.258320077506463,10.15973706535067
82,2020-09-11 17:20:00,10.24,10.25,10.24,10.25,0,10.208561904761902,10.256396221990862,10.160727587532943
83,2020-09-11 17:30:00,10.25,10.25,10.25,10.25,0,10.208571428571426,10.256440297070977,10.160702560071876
84,2020-09-11 17:35:00,10.2,10.24,10.2,10.24,0,10.207619047619044,10.255328485639097,10.15990960959899
85,2020-09-11 17:40:00,10.2,10.25,10.2,10.25,0,10.207619047619044,10.255328485639097,10.15990960959899
86,2020-09-11 17:45:00,10.2399,10.2399,10.2,10.2,0,10.209519047619045,10.259095558954446,10.159942536283644
87,2020-09-11 17:50:00,10.24,10.24,10.2,10.2,0,10.211423809523808,10.2625147834727,10.160332835574916
88,2020-09-11 17:55:00,10.18,10.2,10.18,10.18,0,10.209995238095237,10.262898942169343,10.15709153402113
89,2020-09-14 02:25:00,10.06,10.06,10.06,10.06,0,10.203328571428571,10.287541804185825,10.119115338671318
90,2020-09-14 02:30:00,10.06,10.06,10.06,10.06,0,10.196185714285713,10.30095831157554,10.091413116995886
91,2020-09-14 03:15:00,10.15,10.15,10.15,10.15,0,10.193804761904762,10.300468729132504,10.087140794677019
92,2020-09-14 04:50:00,10.25,10.25,10.25,10.25,0,10.196185714285715,10.305626552837218,10.086744875734212
93,2020-09-14 05:15:00,10.3,10.4,10.2,10.2,0,10.20047142857143,10.31886681940835,10.082076037734508
94,2020-09-14 05:20:00,10.28,10.28,10.28,10.28,0,10.204280952380953,10.32765611388516,10.080905790876747
95,2020-09-14 05:35:00,10.28,10.3,10.28,10.3,0,10.208090476190478,10.335775587378299,10.080405365002656
96,2020-09-14 05:50:00,10.35,10.4,10.35,10.38,0,10.215233333333336,10.357021109017037,10.073445557649634
97,2020-09-14 05:55:00,10.35,10.37,10.35,10.37,0,10.224757142857143,10.374770989837053,10.074743295877234
98,2020-09-14 06:00:00,10.39,10.39,10.35,10.35,0,10.235233333333335,10.399259469462095,10.071207197204576
99,2020-09-14 06:10:00,10.4,10.4,10.4,10.4,0,10.244757142857146,10.422815993481626,10.066698292232667
100,2020-09-14 06:15:00,10.3406,10.44,10.18,10.33,0,10.249547619047622,10.432417010899256,10.066678227195988
101,2020-09-14 06:20:00,10.3299,10.33,10.27,10.3,0,10.253828571428574,10.439939593593905,10.067717549263243
102,2020-09-14 06:25:00,10.3,10.32,10.28,10.3,0,10.256685714285718,10.443744905834416,10.06962652273702
103,2020-09-14 06:30:00,10.2801,10.29,10.28,10.28,0,10.258595238095241,10.445757707369285,10.071432768821197
104,2020-09-14 06:35:00,10.29,10.29,10.28,10.28,0,10.260500000000002,10.448108709819124,10.07289129018088
105,2020-09-14 06:40:00,10.28,10.28,10.2799,10.2799,0,10.264309523809526,10.449997637643026,10.078621409976027
106,2020-09-14 06:45:00,10.2799,10.2799,10.26,10.26,0,10.268114285714288,10.4515284213278,10.084700150100776
107,2020-09-14 06:50:00,10.2601,10.3099,10.2601,10.28,0,10.269076190476193,10.452080276821397,10.08607210413099
108,2020-09-14 06:55:00,10.29,10.3,10.28,10.3,0,10.271457142857145,10.454173212992503,10.088741072721787
109,2020-09-14 07:00:00,10.2801,10.29,10.28,10.29,0,10.276223809523811,10.454077096305479,10.098370522742144
110,2020-09-14 07:05:00,10.28,10.28,10.28,10.28,0,10.286700000000002,10.434426585285095,10.138973414714908
111,2020-09-14 07:10:00,10.2801,10.2801,10.28,10.28,0,10.297180952380954,10.402499072741051,10.191862832020856
112,2020-09-14 07:15:00,10.28,10.29,10.28,10.28,0,10.30337142857143,10.384965206345363,10.221777650797495
113,2020-09-14 07:20:00,10.29,10.29,10.28,10.2801,0,10.305276190476192,10.383432211479318,10.227120169473066
114,2020-09-14 07:25:00,10.28,10.29,10.28,10.29,0,10.30432380952381,10.38323365440416,10.22541396464346
115,2020-09-14 07:30:00,10.25,10.630000114440918,10.229999542236328,10.621199607849121,763499,10.302895238095239,10.384688134515132,10.221102341675346
116,2020-09-14 07:35:00,10.62969970703125,10.729900360107422,10.510000228881836,10.60200023651123,410652,10.319547605096727,10.483196027424036,10.155899182769417
117,2020-09-14 07:40:00,10.600000381469727,10.729999542236328,10.539999961853027,10.664999961853027,364177,10.331452385166713,10.535733682652438,10.127171087680988
118,2020-09-14 07:45:00,10.672699928283691,10.8100004196167,10.649999618530273,10.670000076293945,414404,10.346819048418318,10.599722703216097,10.09391539362054
119,2020-09-14 07:50:00,10.65999984741211,10.800000190734863,10.609999656677246,10.787300109863281,263056,10.359676184009372,10.646920848600907,10.072431519417837
120,2020-09-14 07:55:00,10.789999961853027,10.800000190734863,10.739999771118164,10.75,261425,10.378247610764278,10.721426040913125,10.035069180615432
121,2020-09-14 08:00:00,10.760000228881836,10.930000305175781,10.760000228881836,10.914999961853027,379976,10.398219050234841,10.778954881791428,10.017483218678255
122,2020-09-14 08:05:00,10.90999984741211,11.0,10.885000228881836,10.979999542236328,323735,10.425842852492561,10.865394077133146,9.986291627851976
123,2020-09-14 08:10:00,10.98009967803955,10.986300468444824,10.8100004196167,10.829999923706055,291305,10.458228551446824,10.955292953134425,9.961164149759224
124,2020-09-14 08:15:00,10.84000015258789,10.84000015258789,10.510000228881836,10.518699645996094,464669,10.48489046347482,11.001505767760275,9.968275159189364
125,2020-09-14 08:20:00,10.520000457763672,10.539799690246582,10.430000305175781,10.505000114440918,527314,10.49584286622547,11.004800275918862,9.986885456532077
126,2020-09-14 08:25:00,10.501799583435059,10.5600004196167,10.460000038146973,10.529999732971191,283940,10.50640475115095,11.005662789105624,10.007146713196274
127,2020-09-14 08:30:00,10.539999961853027,10.569999694824219,10.4399995803833,10.479999542236328,512437,10.51879046362014,11.007236091066874,10.030344836173407
128,2020-09-14 08:35:00,10.489999771118164,10.680000305175781,10.489999771118164,10.65999984741211,362924,10.529738071768625,11.003929372882062,10.055546770655187
129,2020-09-14 08:40:00,10.649999618530273,10.84000015258789,10.630000114440918,10.710000038146973,552683,10.546880910746259,11.010584270954045,10.083177550538473
130,2020-09-14 08:45:00,10.720000267028809,10.789999961853027,10.640000343322754,10.640000343322754,450927,10.567828542509535,11.02052875671641,10.11512832830266
131,2020-09-14 08:50:00,10.631999969482422,10.701399803161621,10.579999923706055,10.670000076293945,192344,10.584590445818222,11.018193935753024,10.15098695588342
132,2020-09-14 08:55:00,10.670000076293945,10.739999771118164,10.649999618530273,10.729999542236328,103215,10.603157116117933,11.014836884781692,10.191477347454173
133,2020-09-14 09:00:00,10.725000381469727,10.779999732971191,10.6899995803833,10.770000457763672,113616,10.624347610473635,11.011229153372062,10.237466067575207
134,2020-09-14 09:05:00,10.764599800109863,10.84000015258789,10.729999542236328,10.734999656677246,167343,10.646947600955055,11.006264464539466,10.287630737370645
135,2020-09-14 09:10:00,10.733678817749023,10.795000076293945,10.699999809265137,10.751799583435059,105774,10.6685513541812,10.98749136082132,10.349611347541082
136,2020-09-14 09:15:00,10.75,10.869999885559082,10.75,10.869999885559082,161183,10.692360877990724,10.94854734254029,10.436174413441158
137,2020-09-14 09:20:00,10.864999771118164,10.880000114440918,10.770000457763672,10.8100004196167,138392,10.703565642947243,10.96866894592702,10.438462339967467
138,2020-09-14 09:25:00,10.8100004196167,10.829999923706055,10.788999557495117,10.805999755859375,133517,10.713565644763767,10.97810350738111,10.449027782146423
139,2020-09-14 09:30:00,10.805000305175781,10.850000381469727,10.79010009765625,10.824999809265137,98475,10.719865662711008,10.986608309988547,10.45312301543347
140,2020-09-14 09:35:00,10.829999923706055,10.899999618530273,10.8100004196167,10.891900062561035,126492,10.727960904439291,10.997377922192529,10.458543886686053
141,2020-09-14 09:40:00,10.895000457763672,10.970000267028809,10.880000114440918,10.95359992980957,226051,10.732960928054084,11.010973881006331,10.454947975101836
142,2020-09-14 09:45:00,10.958200454711914,10.960000038146973,10.899999618530273,10.90999984741211,174806,10.742399034045993,11.037216637281258,10.447581430810729
143,2020-09-14 09:50:00,10.911800384521484,10.920000076293945,10.880000114440918,10.880000114440918,142758,10.742484773908345,11.037508070076989,10.4474614777397
144,2020-09-14 09:55:00,10.890000343322754,10.899999618530273,10.830100059509277,10.869999885559082,159522,10.73819432939802,11.02107492638884,10.4553137324072
145,2020-09-14 10:00:00,10.859999656677246,10.896300315856934,10.850000381469727,10.880000114440918,64682,10.739146686735609,11.023597113422994,10.454696260048223
146,2020-09-14 10:05:00,10.880000114440918,10.90999984741211,10.874300003051758,10.909899711608887,126825,10.756289527529763,11.028393708988453,10.484185346071072
147,2020-09-14 10:10:00,10.920000076293945,10.9399995803833,10.859999656677246,10.864999771118164,110735,10.77620383671352,11.030727417566952,10.521680255860089
148,2020-09-14 10:15:00,10.869999885559082,10.914999961853027,10.860099792480469,10.880000114440918,87274,10.79191811879476,11.025040825730093,10.558795411859426
149,2020-09-14 10:20:00,10.880000114440918,10.9375,10.869999885559082,10.9350004196167,123488,10.810489563714892,11.00080081500744,10.620178312422345
150,2020-09-14 10:25:00,10.9350004196167,10.949999809265137,10.904999732971191,10.925000190734863,116491,10.824061030433294,11.006801236019284,10.641320824847304
151,2020-09-14 10:30:00,10.930000305175781,10.930000305175781,10.850000381469727,10.859999656677246,145168,10.834061032249815,11.015865542852685,10.652256521646946
152,2020-09-14 10:35:00,10.869999885559082,10.949999809265137,10.864299774169922,10.901800155639648,146972,10.845394361586798,11.002257357246814,10.688531365926783
153,2020-09-14 10:40:00,10.901800155639648,10.9399995803833,10.885000228881836,10.930000305175781,86146,10.856432460603262,10.992733468008685,10.720131453197839
154,2020-09-14 10:45:00,10.930000305175781,10.944999694824219,10.899999618530273,10.9399995803833,65390,10.866194361732122,10.991913469620863,10.74047525384338
155,2020-09-14 10:50:00,10.930000305175781,10.949999809265137,10.899999618530273,10.906999588012695,93283,10.874070576259069,10.993631007881287,10.75451014463685
156,2020-09-14 10:55:00,10.909799575805664,10.930000305175781,10.890000343322754,10.891900062561035,121205,10.882457279023672,10.984008376655373,10.780906181391972
157,2020-09-14 11:00:00,10.898599624633789,10.90999984741211,10.869999885559082,10.904999732971191,123385,10.88953345162528,10.971053087436552,10.808013815814007
158,2020-09-14 11:05:00,10.90999984741211,10.939900398254395,10.890000343322754,10.904999732971191,110394,10.891676312401183,10.972852414910342,10.810500209892023
159,2020-09-14 11:10:00,10.90999984741211,10.920000076293945,10.890000343322754,10.897500038146973,69640,10.89643818991525,10.968738139485636,10.824138240344864
160,2020-09-14 11:15:00,10.891900062561035,10.899999618530273,10.8100004196167,10.84000015258789,81171,10.900576273600262,10.959629678083642,10.841522869116881
161,2020-09-14 11:20:00,10.84000015258789,10.845000267028809,10.8100004196167,10.8100004196167,80525,10.901052474975588,10.95783311613991,10.844271833811266
162,2020-09-14 11:25:00,10.819999694824219,10.850000381469727,10.770000457763672,10.8100004196167,152954,10.897481010073708,10.964391801013045,10.830570219134371
163,2020-09-14 11:30:00,10.819999694824219,10.869999885559082,10.800000190734863,10.863200187683105,102490,10.890900021507628,10.95988157752895,10.821918465486306
164,2020-09-14 11:35:00,10.859999656677246,10.90999984741211,10.84000015258789,10.890000343322754,228612,10.888433320181711,10.957978278020649,10.818888362342774
165,2020-09-14 11:40:00,10.887700080871582,10.920000076293945,10.880000114440918,10.899999618530273,71986,10.888323783874513,10.957865621526684,10.818781946222343
166,2020-09-14 11:45:00,10.899999618530273,10.989999771118164,10.888500213623047,10.970000267028809,134564,10.890228543962753,10.95869490727023,10.821762180655275
167,2020-09-14 11:50:00,10.969900131225586,10.989999771118164,10.960000038146973,10.979999542236328,91953,10.894509497142975,10.971055297558799,10.817963696727151
168,2020-09-14 11:55:00,10.960000038146973,11.140000343322754,10.960000038146973,11.11240005493164,448404,10.896414257231214,10.977481326761538,10.81534718770089
169,2020-09-14 12:00:00,11.119999885559082,11.119999885559082,11.060099601745605,11.10990047454834,188603,10.908319019135977,11.034156988365389,10.782481049906565
170,2020-09-14 12:05:00,11.109999656677246,11.229999542236328,11.100099563598633,11.18019962310791,238017,10.919271378290087,11.071934441342668,10.766608315237507
171,2020-09-14 12:10:00,11.180100440979004,11.274999618530273,11.15999984741211,11.270000457763672,162385,10.930942807878768,11.121444137881259,10.740441477876278
172,2020-09-14 12:15:00,11.270000457763672,11.289999961853027,11.149999618530273,11.180000305175781,158491,10.947133291335334,11.188342005295675,10.705924577374992
173,2020-09-14 12:20:00,11.170000076293945,11.266300201416016,11.15999984741211,11.241999626159668,121705,10.961419014703662,11.218456965313242,10.70438106409408
174,2020-09-14 12:25:00,11.239999771118164,11.25,11.149999618530273,11.170000076293945,150939,10.977523758297876,11.259994553837982,10.695052962757769
175,2020-09-14 12:30:00,11.163200378417969,11.229999542236328,11.13010025024414,11.196200370788574,118119,10.98862852369036,11.281400260108004,10.695856787272717
176,2020-09-14 12:35:00,11.202199935913086,11.229999542236328,11.149999618530273,11.210000038146973,92008,11.001590410868328,11.307277737211479,10.695903084525177
177,2020-09-14 12:40:00,11.212599754333496,11.25,11.194999694824219,11.210700035095215,97383,11.0160094669887,11.33190723535523,10.700111698622171
178,2020-09-14 12:45:00,11.216099739074707,11.239999771118164,11.194999694824219,11.212499618530273,48394,11.031128520057317,11.353745241606862,10.708511798507772
179,2020-09-14 12:50:00,11.215800285339355,11.239999771118164,11.15149974822998,11.15149974822998,68676,11.0456904456729,11.372917036108998,10.718463855236802
180,2020-09-14 12:55:00,11.169899940490723,11.170000076293945,11.079999923706055,11.113699913024902,190032,11.058066640581405,11.38339284406954,10.73274043709327
181,2020-09-14 13:00:00,11.119999885559082,11.130000114440918,11.083700180053711,11.109999656677246,75549,11.068928536914646,11.386082282574836,10.751774791254455
182,2020-09-14 13:05:00,11.100000381469727,11.166299819946289,11.09000015258789,11.130000114440918,91217,11.081309500194733,11.380732509670771,10.781886490718694
183,2020-09-14 13:10:00,11.119999885559082,11.175000190734863,11.109999656677246,11.15999984741211,73969,11.095595223563059,11.37025832804563,10.820932119080489
184,2020-09-14 13:15:00,11.159799575805664,11.255000114440918,11.140399932861328,11.234999656677246,162515,11.111776170276462,11.356672117339164,10.86688022321376
185,2020-09-14 13:20:00,11.237199783325195,11.25,11.180000305175781,11.220000267028809,146451,11.12973808106922,11.351293744198303,10.908182417940138
186,2020-09-14 13:25:00,11.220000267028809,11.34000015258789,11.1899995803833,11.3100004196167,468245,11.145561899457661,11.340364964218548,10.950758834696774
187,2020-09-14 13:30:00,11.319899559020996,11.329999923706055,11.260600090026855,11.319999694824219,181950,11.165557134719123,11.339590440630689,10.991523828807557
188,2020-09-14 13:35:00,11.313899993896484,11.380000114440918,11.307600021362305,11.322400093078613,236392,11.181938080560595,11.342889536326302,11.020986624794888
189,2020-09-14 13:40:00,11.319999694824219,11.326600074768066,11.25,11.265600204467773,131987,11.19908092135475,11.335579971481714,11.062581871227785
190,2020-09-14 13:45:00,11.260000228881836,11.300000190734863,11.199999809265137,11.260000228881836,173192,11.205747604370119,11.33967591901934,11.071819289720898
191,2020-09-14 13:50:00,11.260000228881836,11.319999694824219,11.251799583435059,11.3149995803833,226131,11.212890488760813,11.34125575536913,11.084525222152497
192,2020-09-14 13:55:00,11.319999694824219,11.350000381469727,11.300000190734863,11.3100004196167,476202,11.219552357991537,11.355090848917568,11.084013867065506
193,2020-09-14 14:00:00,11.32,11.32,11.32,11.32,0,11.22193328857422,11.362843958991856,11.081022618156585
194,2020-09-14 14:15:00,11.32,11.33,11.25,11.2793,0,11.22907614208403,11.374077989698701,11.08407429446936
195,2020-09-14 14:20:00,11.25,11.2556,11.25,11.25,0,11.229552343459357,11.374770385791848,11.084334301126866
196,2020-09-14 14:25:00,11.29,11.3,11.2,11.3,0,11.235590420677548,11.379761922094755,11.091418919260342
197,2020-09-14 14:30:00,11.3,11.3,11.25,11.3,0,11.24024756658645,11.386196399655985,11.094298733516917
198,2020-09-14 14:35:00,11.33,11.35,11.3,11.32,0,11.245838054475332,11.396264170892344,11.09541193805832
199,2020-09-14 14:40:00,11.3198,11.33,11.29,11.3198,0,11.250776162138441,11.403886580746262,11.097665743530621
200,2020-09-14 14:45:00,11.28,11.32,11.28,11.32,0,11.253833291407997,11.406573891999992,11.101092690816001
201,2020-09-14 14:50:00,11.32,11.3202,11.25,11.25,0,11.26098091328939,11.411253214666568,11.110708611912214
202,2020-09-14 14:55:00,11.26,11.32,11.25,11.32,0,11.267647585405623,11.403368475439354,11.131926695371892
203,2020-09-14 15:00:00,11.32,11.32,11.25,11.3,0,11.278123757716589,11.391641365489134,11.164606149944044
204,2020-09-14 15:05:00,11.23,11.3,11.2,11.2999,0,11.283361858404252,11.374100804626469,11.192622912182035
205,2020-09-14 15:10:00,11.264,11.264,11.2,11.2,0,11.288323783365886,11.360098418163512,11.21654914856826
206,2020-09-14 15:15:00,11.2,11.2,11.1998,11.1998,0,11.286552365112305,11.365139287630438,11.207965442594173
207,2020-09-14 15:20:00,11.2,11.21,11.1,11.12,0,11.285599971444267,11.367968174015278,11.203231768873255
208,2020-09-14 15:25:00,11.1,11.15,11.1,11.15,0,11.275128563871837,11.389050321019951,11.161206806723722
209,2020-09-14 15:30:00,11.1997,11.29,11.1997,11.29,0,11.269690468924386,11.38669991111635,11.152681026732422
210,2020-09-14 15:35:00,11.29,11.29,11.29,11.29,0,11.268261912027995,11.383409339599186,11.153114484456804
211,2020-09-14 15:40:00,11.18,11.27,11.16,11.18,0,11.264452377319335,11.385870494945264,11.143034259693406
212,2020-09-14 15:50:00,11.2,11.2,11.2,11.2,0,11.261595223563058,11.386234425964386,11.13695602116173
213,2020-09-14 15:55:00,11.29,11.29,11.2899,11.29,0,11.260166666666667,11.382663643499896,11.137669689833437
214,2020-09-14 16:05:00,11.22,11.22,11.22,11.22,0,11.255404761904762,11.375891017986977,11.134918505822547
215,2020-09-14 16:10:00,11.29,11.29,11.22,11.29,0,11.25397619047619,11.371930519006323,11.136021861946055
216,2020-09-14 16:20:00,11.25,11.25,11.25,11.25,0,11.25397619047619,11.371930519006323,11.136021861946055
217,2020-09-14 16:25:00,11.25,11.25,11.2,11.2,0,11.252071428571428,11.368868708382971,11.135274148759885
218,2020-09-14 16:30:00,11.2,11.2,11.2,11.2,0,11.247309523809523,11.36405378970295,11.130565257916096
219,2020-09-14 16:35:00,11.2,11.2,11.15,11.16,0,11.241119047619046,11.353138539120026,11.129099556118065
220,2020-09-14 16:40:00,11.16,11.2,11.16,11.2,0,11.233509523809522,11.344788846322718,11.122230201296325
221,2020-09-14 16:45:00,11.29,11.3,11.25,11.25,0,11.233985714285712,11.346182403821569,11.121789024749855
222,2020-09-14 16:50:00,11.25,11.25,11.25,11.25,0,11.230652380952378,11.336070740245903,11.125234021658853
223,2020-09-14 16:55:00,11.3,11.32,11.3,11.32,0,11.232557142857141,11.34158628706025,11.123527998654032
224,2020-09-14 17:00:00,11.3,11.32,11.3,11.32,0,11.231604761904762,11.337736764169444,11.12547275964008
225,2020-09-14 17:05:00,11.32,11.35,11.32,11.35,0,11.235890476190477,11.348802333933566,11.122978618447387
226,2020-09-14 17:10:00,11.35,11.35,11.34,11.34,0,11.239985714285714,11.362968709625742,11.117002718945686
227,2020-09-14 17:15:00,11.32,11.33,11.32,11.33,0,11.2457,11.371986816413859,11.11941318358614
228,2020-09-14 17:20:00,11.34,11.34,11.25,11.25,0,11.252366666666667,11.383219612117967,11.121513721215367
229,2020-09-14 17:25:00,11.3,11.32,11.25,11.32,0,11.261890476190477,11.373927111355028,11.149853841025925
230,2020-09-14 17:30:00,11.3,11.3,11.3,11.3,0,11.266666666666667,11.376089394348263,11.157243938985072
231,2020-09-14 17:40:00,11.29,11.29,11.25,11.25,0,11.266666666666667,11.376089394348263,11.157243938985072
232,2020-09-14 17:45:00,11.3,11.3,11.3,11.3,0,11.272380952380953,11.37512427564888,11.169637629113026
233,2020-09-14 17:50:00,11.32,11.35,11.28,11.35,0,11.27809523809524,11.37721517506409,11.178975301126389
234,2020-09-14 17:55:00,11.37,11.38,11.37,11.38,0,11.281904761904764,11.388791439768326,11.175018084041202
235,2020-09-15 02:20:00,11.01,11.01,11.01,11.01,0,11.271904761904764,11.430096929551299,11.11371259425823
236,2020-09-15 02:35:00,11.2,11.2,11.2,11.2,0,11.26761904761905,11.428604110516629,11.106633984721471
237,2020-09-15 02:50:00,11.42,11.42,11.42,11.42,0,11.275714285714287,11.44956150928373,11.101867062144843
238,2020-09-15 02:55:00,11.5,11.5,11.5,11.5,0,11.28761904761905,11.486506429008964,11.088731666229135
239,2020-09-15 03:20:00,11.42,11.42,11.42,11.42,0,11.29809523809524,11.500739660433256,11.095450815757223
240,2020-09-15 03:30:00,11.42,11.42,11.42,11.42,0,11.30857142857143,11.512658244831997,11.104484612310863
241,2020-09-15 03:35:00,11.42,11.42,11.42,11.42,0,11.32095238095238,11.518629366148271,11.12327539575649
242,2020-09-15 03:45:00,11.45,11.45,11.45,11.45,0,11.32857142857143,11.533440724883429,11.12370213225943
243,2020-09-15 03:55:00,11.59,12.0,11.58,11.89,0,11.344761904761905,11.57564014519332,11.113883664330489
244,2020-09-15 04:05:00,11.87,11.88,11.87,11.88,0,11.371904761904762,11.695918283080509,11.047891240729015
245,2020-09-15 04:15:00,11.67,11.67,11.51,11.51,0,11.389523809523808,11.736538287058956,11.042509331988661
246,2020-09-15 04:20:00,11.51,11.54,11.5,11.54,0,11.398571428571428,11.747872772072096,11.04927008507076
247,2020-09-15 04:35:00,11.45,11.45,11.45,11.45,0,11.403333333333332,11.752580141956226,11.054086524710439
248,2020-09-15 04:40:00,11.54,11.54,11.54,11.54,0,11.413809523809523,11.765745665203086,11.061873382415959
249,2020-09-15 04:45:00,11.54,11.54,11.54,11.54,0,11.423333333333332,11.777696612092962,11.068970054573702
250,2020-09-15 04:55:00,11.54,11.54,11.54,11.54,0,11.434761904761903,11.787897518803737,11.081626290720068
251,2020-09-15 05:05:00,11.54,11.54,11.54,11.54,0,11.446190476190472,11.796531806351487,11.095849146029456
252,2020-09-15 05:15:00,11.4,11.59,11.4,11.51,0,11.451428571428568,11.795189285547227,11.10766785730991
253,2020-09-15 05:20:00,11.53,11.53,11.53,11.53,0,11.462380952380949,11.800487726161261,11.124274178600636
254,2020-09-15 05:25:00,11.54,11.54,11.52,11.52,0,11.472857142857139,11.80603234344334,11.139681942270938
255,2020-09-15 05:30:00,11.53,11.53,11.53,11.53,0,11.480476190476187,11.81108025521071,11.149872125741664
256,2020-09-15 05:40:00,11.55,11.58,11.54,11.58,0,11.506190476190474,11.75762445881611,11.254756493564837
257,2020-09-15 05:45:00,11.55,11.57,11.55,11.57,0,11.522857142857141,11.731868420748203,11.31384586496608
258,2020-09-15 05:50:00,11.55,11.55,11.55,11.55,0,11.529047619047619,11.732900974369848,11.32519426372539
259,2020-09-15 05:55:00,11.58,11.58,11.58,11.58,0,11.532857142857143,11.737419393249668,11.328294892464617
260,2020-09-15 06:00:00,11.59,11.59,11.58,11.58,0,11.540952380952382,11.740141212155667,11.341763549749096
261,2020-09-15 06:05:00,11.56,11.56,11.55,11.56,0,11.54761904761905,11.739024874270514,11.356213220967584
262,2020-09-15 06:10:00,11.58,11.59,11.58,11.59,0,11.555238095238098,11.737843576822584,11.372632613653611
263,2020-09-15 06:15:00,11.59,11.6,11.45,11.5801,0,11.561904761904765,11.73849683959995,11.38531268420958
264,2020-09-15 06:20:00,11.6,11.62,11.58,11.62,0,11.562380952380956,11.739344763585763,11.385417141176148
265,2020-09-15 06:25:00,11.6,11.6,11.56,11.56,0,11.549523809523812,11.658972645145704,11.44007497390192
266,2020-09-15 06:30:00,11.5999,11.6,11.5,11.58,0,11.546185714285716,11.643842752653656,11.448528675917776
267,2020-09-15 06:35:00,11.6199,11.62,11.5999,11.5999,0,11.551419047619051,11.652645261991271,11.450192833246831
268,2020-09-15 06:40:00,11.58,11.65,11.55,11.65,0,11.557609523809528,11.648119211793677,11.46709983582538
269,2020-09-15 06:45:00,11.64,11.69,11.6301,11.6799,0,11.562371428571433,11.659285744187697,11.46545711295517
270,2020-09-15 06:50:00,11.68,11.69,11.67,11.68,0,11.5690380952381,11.67800101509941,11.460075175376788
271,2020-09-15 06:55:00,11.69,11.69,11.6,11.65,0,11.576180952380957,11.696249043379902,11.456112861382012
272,2020-09-15 07:00:00,11.6,11.6198,11.51,11.51,0,11.5790380952381,11.698343241416723,11.459732949059479
273,2020-09-15 07:05:00,11.5599,11.66,11.55,11.66,0,11.586652380952385,11.6741311696736,11.49917359223117
274,2020-09-15 07:10:00,11.65,11.67,11.58,11.58,0,11.592366666666672,11.679979915283955,11.50475341804939
275,2020-09-15 07:15:00,11.58,11.68,11.58,11.68,0,11.594271428571435,11.678787560589937,11.509755296552934
276,2020-09-15 07:20:00,11.68,11.68,11.6,11.6,0,11.601414285714291,11.688433853299964,11.514394718128619
277,2020-09-15 07:25:00,11.63,11.64,11.6,11.62,0,11.605223809523816,11.689758983380548,11.520688635667083
278,2020-09-15 07:30:00,11.510000228881836,11.800000190734863,11.510000228881836,11.69629955291748,1183282,11.603319058518187,11.694612705244161,11.512025411792212
279,2020-09-15 07:35:00,11.699999809265137,12.329999923706055,11.649999618530273,12.140000343322754,1218851,11.610461906578431,11.707524226125944,11.513399587030918
280,2020-09-15 07:40:00,12.128100395202637,12.399999618530273,12.100000381469727,12.107999801635742,907109,11.636561925397604,11.881438104681296,11.391685746113913
281,2020-09-15 07:45:00,12.109999656677246,12.220000267028809,12.0,12.132599830627441,765898,11.661323813810805,11.98036011736632,11.34228751025529
282,2020-09-15 07:50:00,12.147000312805176,12.1899995803833,11.90999984741211,12.04800033569336,466545,11.689276209658669,12.068255865116782,11.310296554200555
283,2020-09-15 07:55:00,12.039999961853027,12.329999923706055,12.0,12.300000190734863,465998,11.711180969746907,12.115932144620233,11.306429794873582
284,2020-09-15 08:00:00,12.329999923706055,12.329999923706055,12.109999656677246,12.239999771118164,405270,11.74641906135196,12.22835130826177,11.264486814442149
285,2020-09-15 08:05:00,12.220000267028809,12.579999923706055,12.18220043182373,12.5600004196167,803047,11.775942883591425,12.29475485188604,11.257130915296809
286,2020-09-15 08:10:00,12.566900253295898,12.609999656677246,12.319999694824219,12.390000343322754,632862,11.82198575279599,12.437772744008967,11.206198761583014
287,2020-09-15 08:15:00,12.384400367736816,12.680000305175781,12.270000457763672,12.615400314331055,637909,11.85934291316441,12.512588579693182,11.206097246635638
288,2020-09-15 08:20:00,12.611000061035156,12.789999961853027,12.59000015258789,12.678400039672852,616843,11.906538154166084,12.626889437532235,11.186186870799933
289,2020-09-15 08:25:00,12.677399635314941,12.779999732971191,12.650099754333496,12.682000160217285,376429,11.958795279657272,12.73658486094163,11.181005698372914
290,2020-09-15 08:30:00,12.680000305175781,12.880000114440918,12.569999694824219,12.861900329589844,458091,12.00831910371326,12.831943366364886,11.184694841061635
291,2020-09-15 08:35:00,12.869999885559082,14.260000228881836,12.865799903869629,14.020000457763672,2913179,12.06498576493036,12.954823013613304,11.175148516247415
292,2020-09-15 08:40:00,14.010000228881836,14.014800071716309,13.359999656677246,13.494999885559082,1887586,12.175461966305685,13.387502706076543,10.963421226534827
293,2020-09-15 08:45:00,13.5,13.600000381469727,13.229999542236328,13.242199897766113,1311366,12.265938156781875,13.57716304523199,10.95471326833176
294,2020-09-15 08:50:00,13.239999771118164,13.720000267028809,13.210100173950195,13.609999656677246,1271164,12.3459429077875,13.681041685128983,11.010844130446015
295,2020-09-15 08:55:00,13.486000061035156,13.829999923706055,13.380000114440918,13.819999694824219,1041859,12.433371482122508,13.81665154344413,11.050091420800886
296,2020-09-15 09:00:00,13.729999542236328,13.949999809265137,13.721699714660645,13.899999618530273,1054614,12.535752412705191,13.97103643519954,11.100468390210843
297,2020-09-15 09:05:00,13.903400421142578,14.130000114440918,13.8100004196167,14.020000457763672,1699923,12.64162862323579,14.138488322618942,11.14476892385264
298,2020-09-15 09:10:00,14.0,14.020000457763672,13.66450023651123,13.720000267028809,945673,12.754485766092934,14.287929843682853,11.221041688503014
299,2020-09-15 09:15:00,13.719900131225586,13.739999771118164,13.5600004196167,13.619999885559082,643202,12.859719094775969,14.336741722684893,11.382696466867044
300,2020-09-15 09:20:00,13.600000381469727,13.680000305175781,13.380000114440918,13.406200408935547,610416,12.950195312499996,14.360098991023573,11.54029163397642
301,2020-09-15 09:25:00,13.399999618530273,13.579999923706055,13.210000038146973,13.4399995803833,806673,13.010761942182265,14.381060531906149,11.640463352458381
302,2020-09-15 09:30:00,13.427000045776367,13.449999809265137,13.100000381469727,13.28439998626709,819301,13.07347624642508,14.390129414560246,11.756823078289916
303,2020-09-15 09:35:00,13.289999961853027,13.350000381469727,13.119999885559082,13.239999771118164,440210,13.127904801141645,14.376439211610853,11.879370390672436
304,2020-09-15 09:40:00,13.25,13.260000228881836,13.039999961853027,13.239999771118164,647508,13.185523850577216,14.330586479156988,12.040461221997443
305,2020-09-15 09:45:00,13.239999771118164,13.380000114440918,13.175000190734863,13.359999656677246,532071,13.228857176644459,14.30472475522565,12.152989598063268
306,2020-09-15 09:50:00,13.359999656677246,13.369999885559082,13.130000114440918,13.130000114440918,416502,13.283142861865812,14.255251463944992,12.311034259786632
307,2020-09-15 09:55:00,13.149999618530273,13.149999618530273,12.90999984741211,12.949999809265137,732143,13.310909498305545,14.2288973644578,12.39292163215329
308,2020-09-15 10:00:00,12.94890022277832,12.960200309753418,12.770000457763672,12.787799835205078,508091,13.337790443783712,14.170973001057757,12.504607886509667
309,2020-09-15 10:05:00,12.779999732971191,13.109999656677246,12.772199630737305,13.073800086975098,532820,13.345838047209238,14.152375342441484,12.539300751976992
310,2020-09-15 10:10:00,13.09000015258789,13.109999656677246,12.960000038146973,12.989999771118164,317618,13.365485690888901,14.122195481084036,12.608775900693766
311,2020-09-15 10:15:00,12.998000144958496,13.25,12.98009967803955,13.217499732971191,388858,13.380628540402364,14.091035257939325,12.670221822865404
312,2020-09-15 10:20:00,13.210000038146973,13.359999656677246,13.180100440979004,13.251500129699707,464928,13.39681902385893,14.073022575668197,12.720615472049662
313,2020-09-15 10:25:00,13.260000228881836,13.34000015258789,13.210000038146973,13.319999694824219,309518,13.361104738144645,13.977902710835425,12.744306765453866
314,2020-09-15 10:30:00,13.311599731445312,13.350000381469727,13.199999809265137,13.210000038146973,284954,13.352133296784897,13.965919468922753,12.738347124647042
315,2020-09-15 10:35:00,13.220000267028809,13.239999771118164,13.0600004196167,13.119999885559082,294875,13.351180939447309,13.965759411058187,12.73660246783643
316,2020-09-15 10:40:00,13.119999885559082,13.180000305175781,13.100000381469727,13.13237190246582,226724,13.333752359662734,13.95301371155053,12.714491007774937
317,2020-09-15 10:45:00,13.149999618530273,13.15999984741211,12.989999771118164,12.994999885559082,276635,13.306133315676732,13.902481755178501,12.709784876174963
318,2020-09-15 10:50:00,12.994999885559082,13.079999923706055,12.989999771118164,13.027799606323242,153434,13.262876147315612,13.806739822815116,12.719012471816109
319,2020-09-15 10:55:00,13.024999618530273,13.079999923706055,12.989999771118164,13.020000457763672,293502,13.216447557721816,13.65162666195932,12.781268453484312
320,2020-09-15 11:00:00,13.039999961853027,13.039999961853027,12.9798002243042,12.989999771118164,215346,13.184071359180265,13.558920913341144,12.809221805019387
321,2020-09-15 11:05:00,12.998900413513184,13.109800338745117,12.989999771118164,13.039999961853027,180828,13.155447551182336,13.486097365559804,12.824797736804868
322,2020-09-15 11:10:00,13.045000076293945,13.149999618530273,13.02649974822998,13.09589958190918,122562,13.138542811075844,13.452561363013437,12.82452425913825
323,2020-09-15 11:15:00,13.100000381469727,13.239999771118164,13.079999923706055,13.207799911499023,294396,13.122971398489813,13.408006256268777,12.83793654071085
324,2020-09-15 11:20:00,13.195799827575684,13.399999618530273,13.149999618530273,13.369999885559082,471637,13.11848567780994,13.395327594563502,12.841643761056377
325,2020-09-15 11:25:00,13.369999885559082,13.4350004196167,13.3100004196167,13.354999542236328,496608,13.124199958074659,13.416940423722878,12.83145949242644
326,2020-09-15 11:30:00,13.350000381469727,13.369999885559082,13.100000381469727,13.133500099182129,295289,13.129438082377114,13.434556072267515,12.824320092486712
327,2020-09-15 11:35:00,13.130200386047363,13.279999732971191,13.130000114440918,13.220000267028809,190356,13.118495259966167,13.40478610080054,12.832204419131795
328,2020-09-15 11:40:00,13.222700119018555,13.300000190734863,13.170000076293945,13.289999961853027,156938,13.121957188560847,13.411586838917422,12.832327538204272
329,2020-09-15 11:45:00,13.29889965057373,13.309499740600586,13.15999984741211,13.199999809265137,160893,13.138623827979675,13.426704816254093,12.850542839705257
330,2020-09-15 11:50:00,13.199899673461914,13.260000228881836,13.161999702453613,13.260000228881836,78139,13.158619063241138,13.395979872410786,12.92125825407149
331,2020-09-15 11:55:00,13.25,13.289999961853027,13.183799743652344,13.210000038146973,120723,13.166238103594097,13.404617483599221,12.927858723588972
332,2020-09-15 12:00:00,13.229999542236328,13.239999771118164,13.170000076293945,13.171099662780762,114266,13.177285693940659,13.404143411503107,12.950427976378212
333,2020-09-15 12:05:00,13.171099662780762,13.171099662780762,13.050000190734863,13.104999542236328,241979,13.175433295113697,13.401803831952385,12.949062758275009
334,2020-09-15 12:10:00,13.105899810791016,13.180000305175781,13.100000381469727,13.154999732971191,94511,13.168095179966516,13.392937628043434,12.943252731889597
335,2020-09-15 12:15:00,13.159899711608887,13.159899711608887,13.09000015258789,13.12090015411377,99530,13.160871369498114,13.375882248060678,12.94586049093555
336,2020-09-15 12:20:00,13.119999885559082,13.149999618530273,13.100000381469727,13.130000114440918,92157,13.156109446570984,13.370047029556382,12.942171863585585
337,2020-09-15 12:25:00,13.119999885559082,13.204999923706055,13.069999694824219,13.199999809265137,137317,13.156109446570984,13.370047029556382,12.942171863585585
338,2020-09-15 12:30:00,13.199399948120117,13.239999771118164,13.100000381469727,13.127599716186523,177756,13.15846184321812,13.373202140053234,12.943721546383006
339,2020-09-15 12:35:00,13.125,13.25,13.100000381469727,13.239999771118164,170476,13.164652324858164,13.366722656897453,12.962581992818874
340,2020-09-15 12:40:00,13.229999542236328,13.470000267028809,13.211700439453125,13.449999809265137,497375,13.174414225987023,13.367767936528129,12.981060515445918
341,2020-09-15 12:45:00,13.449999809265137,13.789999961853027,13.4399995803833,13.6850004196167,942508,13.193938028244743,13.411563279657143,12.976312776832343
342,2020-09-15 12:50:00,13.670000076293945,13.779999732971191,13.510000228881836,13.560799598693848,810070,13.225895155043826,13.510131935097313,12.94165837499034
343,2020-09-15 12:55:00,13.5600004196167,13.880000114440918,13.5600004196167,13.770000457763672,736128,13.250418980916338,13.557086962691848,12.943750999140828
344,2020-09-15 13:00:00,13.760000228881836,13.84000015258789,13.630000114440918,13.710000038146973,445817,13.28184754507882,13.652395976703701,12.91129911345394
345,2020-09-15 13:05:00,13.699999809265137,13.699999809265137,13.440099716186523,13.489500045776367,390288,13.305857068016413,13.716191615971965,12.895522520060862
346,2020-09-15 13:10:00,13.479999542236328,13.569899559020996,13.479999542236328,13.535499572753906,234665,13.311095146905805,13.727630216170104,12.894560077641506
347,2020-09-15 13:15:00,13.520000457763672,13.619999885559082,13.5,13.598199844360352,306097,13.31919038863409,13.74539666253249,12.892984114735688
348,2020-09-15 13:20:00,13.59000015258789,13.60990047454834,13.494999885559082,13.555000305175781,284331,13.34108561561221,13.773708367319488,12.908462863904932
349,2020-09-15 13:25:00,13.555700302124023,13.829999923706055,13.5,13.810099601745605,407977,13.35694276718866,13.79570833784302,12.918177196534298
350,2020-09-15 13:30:00,13.8100004196167,13.829999923706055,13.630000114440918,13.741299629211426,421160,13.381280899047848,13.861286966735573,12.901274831360123
351,2020-09-15 13:35:00,13.746800422668457,13.767999649047852,13.512200355529785,13.635000228881836,330361,13.407323791867208,13.905016793755628,12.909630789978788
352,2020-09-15 13:40:00,13.619999885559082,13.619999885559082,13.510000228881836,13.529999732971191,207939,13.424942834036688,13.925433178078954,12.924452489994422
353,2020-09-15 13:45:00,13.520000457763672,13.639900207519531,13.5,13.630000114440918,349160,13.438752401442752,13.932610923697373,12.94489387918813
354,2020-09-15 13:50:00,13.640000343322754,13.65999984741211,13.520000457763672,13.579999923706055,361080,13.461081005278086,13.946441499772915,12.975720510783257
355,2020-09-15 13:55:00,13.59000015258789,13.649999618530273,13.59000015258789,13.63010025024414,731150,13.484133402506508,13.943955289834554,13.024311515178463
356,2020-09-15 14:00:00,13.63,13.63,13.63,13.63,220236,13.506519130525131,13.945337289010732,13.06770097203953
357,2020-09-15 14:15:00,13.63,13.63,13.55,13.57,0,13.530804850260413,13.934852263229816,13.12675743729101
358,2020-09-15 14:20:00,13.57,13.64,13.57,13.64,0,13.552233427138551,13.909837744318509,13.194629109958594
359,2020-09-15 14:25:00,13.61,13.65,13.61,13.64,0,13.571785810561405,13.89122955888177,13.25234206224104
360,2020-09-15 14:30:00,13.61,13.66,13.61,13.66,0,13.594881048656642,13.840182135072528,13.349579962240757
361,2020-09-15 14:35:00,13.63,13.76,13.63,13.76,0,13.613928689502533,13.793561023419507,13.434296355585559
362,2020-09-15 14:40:00,13.75,13.83,13.74,13.83,0,13.628214412870859,13.800664916477908,13.45576390926381
363,2020-09-15 14:45:00,13.83,13.98,13.8,13.98,0,13.635833456856862,13.828938721425436,13.442728192288287
364,2020-09-15 14:50:00,13.98,14.24,13.95,14.24,0,13.655833436875113,13.896975798432425,13.414691075317801
365,2020-09-15 14:55:00,14.25,14.44,13.63,13.92,0,13.679166759309313,14.031728258685996,13.326605259932629
366,2020-09-15 15:00:00,13.98,14.17,13.95,14.11,0,13.692500101725258,14.068753032219647,13.31624717123087
367,2020-09-15 15:05:00,14.15,14.25,14.0,14.1698,0,13.72440488542829,14.136862104538466,13.311947666318115
368,2020-09-15 15:10:00,14.19,14.6,14.19,14.6,0,13.756309625534781,14.204467246774925,13.308152004294637
369,2020-09-15 15:15:00,14.6,14.85,14.4,14.4,0,13.80440485636393,14.377083596802725,13.231726115925136
370,2020-09-15 15:20:00,14.41,14.95,14.41,14.85,0,13.845085794358026,14.463137977981882,13.22703361073417
371,2020-09-15 15:25:00,14.85,14.85,14.65,14.76,0,13.894609583900088,14.651849224337468,13.137369943462708
372,2020-09-15 15:30:00,14.73,14.94,14.7,14.87,0,13.941428611392068,14.777736750342665,13.10512047244147
373,2020-09-15 15:35:00,14.87,15.0,14.86,14.97,0,14.000952426365446,14.915455585331783,13.086449267399109
374,2020-09-15 15:40:00,14.95,15.8,14.93,15.8,0,14.069047642662413,15.044094360679926,13.0940009246449
375,2020-09-15 15:45:00,15.8,15.85,15.2,15.35,0,14.171904769170855,15.383806054914912,12.960003483426798
376,2020-09-15 15:50:00,15.35,15.59,15.25,15.3,0,14.255714285714289,15.539872709407739,12.971555862020839
377,2020-09-15 15:55:00,15.25,15.34,14.91,15.08,0,14.332857142857145,15.653268334223572,13.012445951490719
378,2020-09-15 16:00:00,15.05,15.1,14.66,15.0,0,14.400476190476194,15.71513928329467,13.085813097657718
379,2020-09-15 16:05:00,15.06,15.2,14.9201,14.96,0,14.471428571428575,15.758382894072323,13.184474248784827
380,2020-09-15 16:10:00,14.92,15.1,14.92,15.1,0,14.533809523809529,15.771443980189542,13.296175067429516
381,2020-09-15 16:15:00,15.1,15.25,15.05,15.15,0,14.60476190476191,15.789677413101963,13.419846396421857
382,2020-09-15 16:20:00,15.13,15.15,14.73,14.75,0,14.676190476190481,15.793212878660125,13.559168073720837
383,2020-09-15 16:25:00,14.73,14.98,14.65,14.75,0,14.722857142857148,15.756107216307775,13.68960706940652
384,2020-09-15 16:30:00,14.8,14.85,14.72,14.73,0,14.769047619047626,15.717939704838315,13.820155533256937
385,2020-09-15 16:35:00,14.77,15.08,14.77,15.08,0,14.806666666666672,15.684125117724813,13.929208215608531
386,2020-09-15 16:40:00,15.08,15.08,14.9,14.94,0,14.84619047619048,15.692558627540157,13.999822324840805
387,2020-09-15 16:45:00,14.96,15.08,14.96,15.04,0,14.892857142857146,15.641005332914261,14.14470895280003
388,2020-09-15 16:50:00,15.05,15.05,14.8,14.8,0,14.93571428571429,15.603982837378128,14.267445734050453
389,2020-09-15 16:55:00,14.8,14.96,14.8,14.93,0,14.96476190476191,15.543989633643037,14.385534175880782
390,2020-09-15 17:00:00,14.94,14.94,14.8,14.92,0,14.980952380952385,15.535854345695906,14.426050416208863
391,2020-09-15 17:05:00,14.92,15.02,14.9,14.9599,0,15.005238095238099,15.496140083322068,14.51433610715413
392,2020-09-15 17:10:00,14.95,15.0,14.91,14.97,0,15.010000000000002,15.496497687558772,14.52350231244123
393,2020-09-15 17:15:00,14.96,14.98,14.9,14.9,0,15.02095238095238,15.491054700108776,14.550850061795984
394,2020-09-15 17:20:00,14.91,15.0,14.91,14.95,0,15.022857142857143,15.49070937838215,14.555004907332137
395,2020-09-15 17:25:00,14.95,14.98,14.91,14.91,0,15.022857142857143,15.49070937838215,14.555004907332137
396,2020-09-15 17:30:00,14.92,14.95,14.9,14.94,0,14.980952380952383,15.285642699925958,14.676262061978807
397,2020-09-15 17:35:00,14.95,14.95,14.75,14.76,0,14.961904761904762,15.215409716303663,14.708399807505861
398,2020-09-15 17:40:00,14.76,14.83,14.65,14.83,0,14.938571428571427,15.16994002750277,14.707202829640083
399,2020-09-15 17:45:00,14.83,14.88,14.7,14.76,0,14.928095238095235,15.158192526007946,14.697997950182524
400,2020-09-15 17:50:00,14.79,14.85,14.77,14.85,0,14.915238095238093,15.144551771029104,14.685924419447083
401,2020-09-15 17:55:00,14.82,14.82,14.71,14.72,0,14.910476190476189,15.143497750892966,14.677454630059412
402,2020-09-16 02:15:00,14.69,14.69,14.47,14.68,0,14.890952380952378,15.125976189270196,14.65592857263456
403,2020-09-16 02:20:00,14.68,14.68,14.06,14.51,0,14.869523809523807,15.094865877542777,14.644181741504838
404,2020-09-16 02:25:00,14.54,14.54,14.49,14.49,0,14.860476190476188,15.121740515670167,14.599211865282209
405,2020-09-16 02:35:00,14.45,14.45,14.45,14.45,0,14.84380952380952,15.16013063853167,14.52748840908737
406,2020-09-16 02:40:00,14.45,14.45,14.22,14.24,0,14.828571428571426,15.187753038027482,14.469389819115369
407,2020-09-16 02:45:00,14.26,14.28,14.25,14.26,0,14.789523809523805,15.207398249540251,14.37164936950736
408,2020-09-16 02:50:00,14.45,14.48,14.41,14.48,0,14.765238095238093,15.200421690867305,14.330054499608881
409,2020-09-16 02:55:00,14.45,14.45,14.45,14.45,0,14.736666666666663,15.172112798046124,14.301220535287202
410,2020-09-16 03:00:00,14.45,14.45,14.45,14.45,0,14.719999999999995,15.171752144433205,14.268247855566786
411,2020-09-16 03:10:00,14.46,14.48,14.46,14.48,0,14.69714285714285,15.150712823394713,14.243572890890988
412,2020-09-16 03:15:00,14.45,14.48,14.34,14.34,0,14.674761904761898,15.1285292040517,14.220994605472095
413,2020-09-16 03:20:00,14.31,14.31,14.24,14.24,0,14.644285714285708,15.106306121998239,14.182265306573177
414,2020-09-16 03:25:00,14.2,14.22,14.0,14.0,0,14.608095238095231,15.08506983061013,14.131120645580332
415,2020-09-16 03:30:00,14.04,14.04,14.04,14.04,0,14.56666666666666,15.083012803800774,14.050320529532545
416,2020-09-16 03:35:00,14.19,14.22,14.19,14.22,0,14.530476190476184,15.040475256768499,14.02047712418387
417,2020-09-16 03:40:00,14.22,14.22,14.12,14.12,0,14.497142857142851,14.991476463410617,14.002809250875085
418,2020-09-16 03:50:00,14.18,14.18,14.18,14.18,0,14.460476190476186,14.927187072735238,13.993765308217133
419,2020-09-16 03:55:00,14.25,14.36,14.25,14.36,0,14.436190476190472,14.89034799029656,13.982032962084384
420,2020-09-16 04:00:00,14.3,14.3,14.3,14.3,0,14.410952380952377,14.830804962790529,13.991099799114226
421,2020-09-16 04:10:00,14.32,14.32,14.32,14.32,0,14.388571428571424,14.772096432412631,14.005046424730217
422,2020-09-16 04:15:00,14.38,14.38,14.38,14.38,0,14.367619047619044,14.696307639566127,14.038930455671961
423,2020-09-16 04:25:00,14.38,14.38,14.32,14.32,0,14.352857142857138,14.646737585019727,14.058976700694549
424,2020-09-16 04:30:00,14.35,14.35,14.35,14.35,0,14.337142857142855,14.589978207293258,14.08430750699245
425,2020-09-16 04:40:00,14.35,14.35,14.35,14.35,0,14.328095238095235,14.563434911556222,14.092755564634249
426,2020-09-16 05:00:00,14.43,14.44,14.32,14.32,0,14.327142857142855,14.560564609097716,14.093721105187994
427,2020-09-16 05:10:00,14.32,14.88,14.32,14.79,0,14.320952380952379,14.547483152540153,14.094421609364606
428,2020-09-16 05:15:00,14.78,14.88,14.32,14.68,0,14.345714285714283,14.645952286544992,14.045476284883575
429,2020-09-16 05:20:00,14.68,14.68,14.25,14.41,0,14.356666666666664,14.688047615626163,14.025285717707165
430,2020-09-16 05:25:00,14.38,14.54,14.34,14.5,0,14.353333333333332,14.682169665470305,14.024497001196359
431,2020-09-16 05:30:00,14.46,14.75,14.43,14.75,0,14.353809523809522,14.683262172332814,14.02435687528623
432,2020-09-16 05:35:00,14.77,15.08,14.72,15.0,0,14.368571428571427,14.742752439008079,13.994390418134774
433,2020-09-16 05:40:00,15.01,15.3,15.0,15.0,0,14.395238095238094,14.862126477942923,13.928349712533265
434,2020-09-16 05:45:00,15.0,15.04,14.61,14.7,0,14.428095238095235,14.962084715430448,13.894105760760022
435,2020-09-16 05:50:00,14.74,15.0,14.67,14.97,0,14.453809523809522,14.993641949307492,13.913977098311552
436,2020-09-16 05:55:00,14.99,15.0,14.71,14.8,0,14.499047619047618,15.052289149010951,13.945806089084284
437,2020-09-16 06:00:00,14.81,14.87,14.78,14.87,0,14.528571428571427,15.078709073685276,13.978433783457577
438,2020-09-16 06:05:00,14.88,14.92,14.82,14.83,0,14.559999999999997,15.111507026247157,14.008492973752837
439,2020-09-16 06:10:00,14.82,14.91,14.75,14.91,0,14.590476190476187,15.124235544135715,14.056716836816658
440,2020-09-16 06:15:00,14.3768,15.3,14.21,15.08,0,14.596514285714282,15.116795572272665,14.076232999155899
441,2020-09-16 06:20:00,15.08,15.09,14.83,14.93,0,14.633657142857137,15.17593555316471,14.091378732549565
442,2020-09-16 06:25:00,14.94,15.06,14.9,15.01,0,14.663180952380948,15.201231089892488,14.125130814869408
443,2020-09-16 06:30:00,15.02,15.5,15.01,15.35,0,14.693657142857138,15.23681704038798,14.150497245326296
444,2020-09-16 06:35:00,15.34,15.37,15.11,15.16,0,14.739371428571422,15.331081821053619,14.147661036089225
445,2020-09-16 06:40:00,15.1599,15.19,15.02,15.15,0,14.777938095238088,15.368633443031493,14.187242747444683
446,2020-09-16 06:45:00,15.1599,15.16,15.01,15.15,0,14.816504761904753,15.395492449083656,14.237517074725849
447,2020-09-16 06:50:00,15.12,15.19,15.06,15.18,0,14.849361904761896,15.4143726497082,14.284351159815591
448,2020-09-16 06:55:00,15.18,15.19,14.85,14.92,0,14.890314285714277,15.417583512146923,14.363045059281632
449,2020-09-16 07:00:00,14.9,14.9,14.61,14.67,0,14.896028571428563,15.4208719848115,14.371185158045625
450,2020-09-16 07:05:00,14.67,14.74,14.51,14.6,0,14.895552380952372,15.421236478558733,14.369868283346012
451,2020-09-16 07:10:00,14.6,14.74,14.51,14.64,0,14.906028571428564,15.396124693195972,14.415932449661156
452,2020-09-16 07:15:00,14.63,14.93,14.61,14.87,0,14.914123809523804,15.37820249640683,14.450045122640779
453,2020-09-16 07:20:00,14.87,15.11,14.85,14.94,0,14.91888571428571,15.378786613548673,14.458984815022745
454,2020-09-16 07:25:00,14.94,15.1,14.7498,14.8,0,14.915552380952377,15.373690974039901,14.457413787864853
455,2020-09-16 07:30:00,14.380000114440918,15.149999618530273,14.079999923706055,14.71500015258789,4994041,14.886028576878134,15.39805102307293,14.374006130683338
456,2020-09-16 07:35:00,14.706700325012207,15.56980037689209,14.6899995803833,15.460100173950195,2727097,14.88444287806919,15.398566676474553,14.370319079663828
457,2020-09-16 07:40:00,15.489999771118164,15.489999771118164,15.0,15.165499687194824,1967351,14.90825239097958,15.485360438776,14.33114434318316
458,2020-09-16 07:45:00,15.17300033569336,15.5,15.101499557495117,15.189800262451172,1442907,14.925538121250693,15.511956352577588,14.339119889923797
459,2020-09-16 07:50:00,15.1850004196167,15.189900398254395,14.720000267028809,14.850000381469727,1831880,14.940061950756249,15.536761020615675,14.343362880896823
460,2020-09-16 07:55:00,14.829999923706055,15.239999771118164,14.819999694824219,15.204999923706055,1034602,14.940538137599395,15.536850625444892,14.344225649753898
461,2020-09-16 08:00:00,15.210000038146973,15.430000305175781,15.029999732971191,15.359999656677246,1160203,14.980214329892108,15.52788096917796,14.432547690606256
462,2020-09-16 08:05:00,15.368599891662598,15.479999542236328,15.220000267028809,15.239999771118164,934274,14.993957181876041,15.566078448387348,14.421835915364735
463,2020-09-16 08:10:00,15.234999656677246,15.84000015258789,15.15999984741211,15.705900192260742,2009731,15.00800478457496,15.588979788715667,14.427029780434252
464,2020-09-16 08:15:00,15.729999542236328,15.949999809265137,15.569999694824219,15.84000015258789,2006425,15.041814286586213,15.702841909477673,14.380786663694753
465,2020-09-16 08:20:00,15.849900245666504,16.260000228881836,15.729999542236328,16.260000228881836,2407670,15.066095250665573,15.805891833403994,14.326298667927151
466,2020-09-16 08:25:00,16.260000228881836,16.290000915527344,15.869999885559082,15.967599868774414,1878756,15.11848097585042,16.023519664184036,14.213442287516807
467,2020-09-16 08:30:00,15.960000038146973,15.979999542236328,15.609999656677246,15.744400024414062,1177782,15.156580977666945,16.13345662181448,14.179705333519408
468,2020-09-16 08:35:00,15.75,16.049999237060547,15.65999984741211,15.668800354003906,1548079,15.186580977666944,16.196861937477927,14.176300017855961
469,2020-09-16 08:40:00,15.6875,15.70989990234375,15.40999984741211,15.579999923706055,1371062,15.21074764433361,16.24437717788204,14.17711811078518
470,2020-09-16 08:45:00,15.584400177001953,15.59000015258789,15.3100004196167,15.310099601745605,890295,15.243338128952752,16.27897293392856,14.207703323976943
471,2020-09-16 08:50:00,15.321100234985352,15.329999923706055,15.0600004196167,15.208999633789062,1231682,15.274342902047291,16.276324974378177,14.272360829716405
472,2020-09-16 08:55:00,15.208900451660156,15.470000267028809,15.119999885559082,15.427800178527832,1032325,15.303338161650155,16.257458647172335,14.349217676127973
473,2020-09-16 09:00:00,15.489999771118164,15.640000343322754,15.479999542236328,15.539999961853027,995259,15.344290531703402,16.249604703922934,14.43897635948387
474,2020-09-16 09:05:00,15.539999961853027,15.729999542236328,15.523500442504883,15.689499855041504,744704,15.37619529179164,16.25823193917673,14.49415864440655
475,2020-09-16 09:10:00,15.690500259399414,15.699999809265137,15.34000015258789,15.44480037689209,743988,15.41193339938209,16.280454332660767,14.543412466103412
476,2020-09-16 09:15:00,15.444999694824219,15.569999694824219,15.380000114440918,15.5024995803833,456375,15.462647665114627,16.191185853724743,14.734109476504512
477,2020-09-16 09:20:00,15.515000343322754,15.6899995803833,15.512999534606934,15.684800148010254,444962,15.501138142177034,16.142076833458795,14.860199450895275
478,2020-09-16 09:25:00,15.672300338745117,15.739999771118164,15.569999694824219,15.655799865722656,514089,15.509819121587842,16.15504806028478,14.864590182890902
479,2020-09-16 09:30:00,15.654199600219727,15.850000381469727,15.630000114440918,15.785300254821777,719352,15.532733372279573,16.161696713684844,14.903770030874302
480,2020-09-16 09:35:00,15.785300254821777,16.1200008392334,15.785300254821777,16.020000457763672,1581524,15.56131907871791,16.178358178465036,14.944279978970783
481,2020-09-16 09:40:00,16.019500732421875,16.1299991607666,15.950699806213379,16.049999237060547,616106,15.617961974371045,16.167764157742482,15.068159790999609
482,2020-09-16 09:45:00,16.049999237060547,16.0757999420166,15.920000076293945,16.020000457763672,586453,15.657961936224073,16.205325713474895,15.11059815897325
483,2020-09-16 09:50:00,16.030099868774414,16.049999237060547,15.960000038146973,16.018400192260742,342480,15.689461935134158,16.242987819385917,15.135936050882398
484,2020-09-16 09:55:00,16.018600463867188,16.049999237060547,15.970000267028809,15.98009967803955,134196,15.72677625928606,16.256778371869512,15.19677414670261
485,2020-09-16 09:56:00,15.992500305175781,15.992500305175781,15.992500305175781,15.992500305175781,0,15.739276295616511,16.28183114199651,15.196721449236513
